  -5.0000000000000000        6.5796091525873908E-017
  -4.9900000002235174        7.1666220304153782E-017
  -4.9800000004470348        7.7940548040376095E-017
  -4.9700000006705523        8.4626039689918812E-017
  -4.9600000008940697        9.1725088197748381E-017
  -4.9500000011175871        9.9234302512515761E-017
  -4.9400000013411045        1.0714307381010062E-016
  -4.9300000015646219        1.1543188515734951E-016
  -4.9200000017881393        1.2407032488590740E-016
  -4.9100000020116568        1.3301475832479788E-016
  -4.9000000022351742        1.4220560617578081E-016
  -4.8900000024586916        1.5156417061461051E-016
  -4.8800000026822090        1.6098894206013769E-016
  -4.8700000029057264        1.7035131035568223E-016
  -4.8600000031292439        1.7949059372321549E-016
  -4.8500000033527613        1.8820828713579070E-016
  -4.8400000035762787        1.9626141854523880E-016
  -4.8300000037997961        2.0335488651999536E-016
  -4.8200000040233135        2.0913263609036081E-016
  -4.8100000042468309        2.1316751074117870E-016
  -4.8000000044703484        2.1494959728464684E-016
  -4.7900000046938658        2.1387285651016198E-016
  -4.7800000049173832        2.0921980573398144E-016
  -4.7700000051409006        2.0014398931399350E-016
  -4.7600000053644180        1.8564993947094425E-016
  -4.7500000055879354        1.6457029194076842E-016
  -4.7400000058114529        1.3553967860028227E-016
  -4.7300000060349703        9.6964971734750065E-017
  -4.7200000062584877        4.6991401467916743E-017
  -4.7100000064820051       -1.6535991593789231E-017
  -4.7000000067055225       -9.6116172958039631E-017
  -4.6900000069290400       -1.9464187887879495E-016
  -4.6800000071525574       -3.1545609087019712E-016
  -4.6700000073760748       -4.6241607468718169E-016
  -4.6600000075995922       -6.3996594186184541E-016
  -4.6500000078231096       -8.5321880734642269E-016
  -4.6400000080466270       -1.1080497455524211E-015
  -4.6300000082701445       -1.4112008905481216E-015
  -4.6200000084936619       -1.7704001859934065E-015
  -4.6100000087171793       -2.1944954683294132E-015
  -4.6000000089406967       -2.6936057647625489E-015
  -4.5900000091642141       -3.2792919078525271E-015
  -4.5800000093877316       -3.9647488134190137E-015
  -4.5700000096112490       -4.7650220406513679E-015
  -4.5600000098347664       -5.6972515556399600E-015
  -4.5500000100582838       -6.7809459552360586E-015
  -4.5400000102818012       -8.0382907807052872E-015
  -4.5300000105053186       -9.4944949639310194E-015
  -4.5200000107288361       -1.1178179907201873E-014
  -4.5100000109523535       -1.3121816205554944E-014
  -4.5000000111758709       -1.5362213583379628E-014
  -4.4900000113993883       -1.7941070240156804E-014
  -4.4800000116229057       -2.0905588490009280E-014
  -4.4700000118464231       -2.4309164342969249E-014
  -4.4600000120699406       -2.8212159519980515E-014
  -4.4500000122934580       -3.2682765326829415E-014
  -4.4400000125169754       -3.7797968843392058E-014
  -4.4300000127404928       -4.3644633023620890E-014
  -4.4200000129640102       -5.0320703559318210E-014
  -4.4100000131875277       -5.7936556748727075E-014
  -4.4000000134110451       -6.6616504142185788E-014
  -4.3900000136345625       -7.6500471425625281E-014
  -4.3800000138580799       -8.7745870863937003E-014
  -4.3700000140815973       -1.0052968867701168E-013
  -4.3600000143051147       -1.1505081097994512E-013
  -4.3500000145286322       -1.3153261440555732E-013
  -4.3400000147521496       -1.5022585026390385E-013
  -4.3300000149756670       -1.7141185410371759E-013
  -4.3200000151991844       -1.9540611585079067E-013
  -4.3100000154227018       -2.2256224933652640E-013
  -4.3000000156462193       -2.5327640402721848E-013
  -4.2900000158697367       -2.8799216615471256E-013
  -4.2800000160932541       -3.2720600126859379E-013
  -4.2700000163167715       -3.7147329551887133E-013
  -4.2600000165402889       -4.2141505877956735E-013
  -4.2500000167638063       -4.7772535908492423E-013
  -4.2400000169873238       -5.4117956482221574E-013
  -4.2300000172108412       -6.1264347876416291E-013
  -4.2200000174343586       -6.9308345638997032E-013
  -4.2100000176578760       -7.8357761010267005E-013
  -4.2000000178813934       -8.8532821097282547E-013
  -4.1900000181049109       -9.9967541060178187E-013
  -4.1800000183284283       -1.1281124176850685E-012
  -4.1700000185519457       -1.2723022769587510E-012
  -4.1600000187754631       -1.4340964125264999E-012
  -4.1500000189989805       -1.6155551131986809E-012
  -4.1400000192224979       -1.8189701545419075E-012
  -4.1300000194460154       -2.0468897709617796E-012
  -4.1200000196695328       -2.3021462114572783E-012
  -4.1100000198930502       -2.5878861348370931E-012
  -4.1000000201165676       -2.9076041243322554E-012
  -4.0900000203400850       -3.2651796278444542E-012
  -4.0800000205636024       -3.6649176587173386E-012
  -4.0700000207871199       -4.1115936231051004E-012
  -4.0600000210106373       -4.6105026739495850E-012
  -4.0500000212341547       -5.1675140284926122E-012
  -4.0400000214576721       -5.7891307263880301E-012
  -4.0300000216811895       -6.4825553491033394E-012
  -4.0200000219047070       -7.2557622686955564E-012
  -4.0100000221282244       -8.1175770455171146E-012
  -4.0000000223517418       -9.0777636502807155E-012
  -3.9900000225752592       -1.0147120246540371E-011
  -3.9800000227987766       -1.1337584335406924E-011
  -3.9700000230222940       -1.2662348135613739E-011
  -3.9600000232458115       -1.4135985149319327E-011
  -3.9500000234693289       -1.5774588947740077E-011
  -3.9400000236928463       -1.7595925301351260E-011
  -3.9300000239163637       -1.9619598877506711E-011
  -3.9200000241398811       -2.1867235834483720E-011
  -3.9100000243633986       -2.4362683755765433E-011
  -3.9000000245869160       -2.7132230492484511E-011
  -3.8900000248104334       -3.0204843616065865E-011
  -3.8800000250339508       -3.3612432327966679E-011
  -3.8700000252574682       -3.7390133829809294E-011
  -3.8600000254809856       -4.1576626325996795E-011
  -3.8500000257045031       -4.6214471012973847E-011
  -3.8400000259280205       -5.1350485605629189E-011
  -3.8300000261515379       -5.7036152162939284E-011
  -3.8200000263750553       -6.3328062202922147E-011
  -3.8100000265985727       -7.0288402342458737E-011
  -3.8000000268220901       -7.7985483961774444E-011
  -3.7900000270456076       -8.6494320677673587E-011
  -3.7800000272691250       -9.5897257715338646E-011
  -3.7700000274926424       -1.0628465759716406E-010
  -3.7600000277161598       -1.1775564692018133E-010
  -3.7500000279396772       -1.3041892937285344E-010
  -3.7400000281631947       -1.4439367054908685E-010
  -3.7300000283867121       -1.5981046055406503E-010
  -3.7200000286102295       -1.7681236086491677E-010
  -3.7100000288337469       -1.9555604241133768E-010
  -3.7000000290572643       -2.1621302237925067E-010
  -3.6900000292807817       -2.3897100781670884E-010
  -3.6800000295042992       -2.6403535473791970E-010
  -3.6700000297278166       -2.9163065208103872E-010
  -3.6600000299513340       -3.2200244058090282E-010
  -3.6500000301748514       -3.5541907737190144E-010
  -3.6400000303983688       -3.9217375794179664E-010
  -3.6300000306218863       -4.3258670791732365E-010
  -3.6200000308454037       -4.7700755808035614E-010
  -3.6100000310689211       -5.2581791699242805E-010
  -3.6000000312924385       -5.7943415664910453E-010
  -3.5900000315159559       -6.3831042769782007E-010
  -3.5800000317394733       -7.0294192193697454E-010
  -3.5700000319629908       -7.7386840107466689E-010
  -3.5600000321865082       -8.5167801206614158E-010
  -3.5500000324100256       -9.3701141077456916E-010
  -3.5400000326335430       -1.0305662172144519E-009
  -3.5300000328570604       -1.1331018272453358E-009
  -3.5200000330805779       -1.2454446072906715E-009
  -3.5100000333040953       -1.3684935004672571E-009
  -3.5000000335276127       -1.5032260744300963E-009
  -3.4900000337511301       -1.6507050432708779E-009
  -3.4800000339746475       -1.8120852979610441E-009
  -3.4700000341981649       -1.9886214821081170E-009
  -3.4600000344216824       -2.1816761522023620E-009
  -3.4500000346451998       -2.3927285640758080E-009
  -3.4400000348687172       -2.6233841299827281E-009
  -3.4300000350922346       -2.8753845935465733E-009
  -3.4200000353157520       -3.1506189728083259E-009
  -3.4100000355392694       -3.4511353247620374E-009
  -3.4000000357627869       -3.7791533880813113E-009
  -3.3900000359863043       -4.1370781642305334E-009
  -3.3800000362098217       -4.5275145008253095E-009
  -3.3700000364333391       -4.9532827449612456E-009
  -3.3600000366568565       -5.4174355382773714E-009
  -3.3500000368803740       -5.9232758297646680E-009
  -3.3400000371038914       -6.4743761867769262E-009
  -3.3300000373274088       -7.0745994893585962E-009
  -3.3200000375509262       -7.7281210978731105E-009
  -3.3100000377744436       -8.4394525890059795E-009
  -3.3000000379979610       -9.2134671605298127E-009
  -3.2900000382214785       -1.0055426810759941E-008
  -3.2800000384449959       -1.0971011404402778E-008
  -3.2700000386685133       -1.1966349742507569E-008
  -3.2600000388920307       -1.3048052760477943E-008
  -3.2500000391155481       -1.4223248984584529E-008
  -3.2400000393390656       -1.5499622384144912E-008
  -3.2300000395625830       -1.6885452763502770E-008
  -3.2200000397861004       -1.8389658845140766E-008
  -3.2100000400096178       -2.0021844202701951E-008
  -3.2000000402331352       -2.1792346210367235E-008
  -3.1900000404566526       -2.3712288182935525E-008
  -3.1800000406801701       -2.5793634889073027E-008
  -3.1700000409036875       -2.8049251628529313E-008
  -3.1600000411272049       -3.0492967072650558E-008
  -3.1500000413507223       -3.3139640076240710E-008
  -3.1400000415742397       -3.6005230677710523E-008
  -3.1300000417977571       -3.9106875513508659E-008
  -3.1200000420212746       -4.2462967882000407E-008
  -3.1100000422447920       -4.6093242701262017E-008
  -3.1000000424683094       -5.0018866614621536E-008
  -3.0900000426918268       -5.4262533507212250E-008
  -3.0800000429153442       -5.8848565706244342E-008
  -3.0700000431388617       -6.3803021147123405E-008
  -3.0600000433623791       -6.9153806796901907E-008
  -3.0500000435858965       -7.4930798635798037E-008
  -3.0400000438094139       -8.1165968506588373E-008
  -3.0300000440329313       -8.7893518150542257E-008
  -3.0200000442564487       -9.5150020757119534E-008
  -3.0100000444799662       -1.0297457036286315E-007
  -3.0000000447034836       -1.1140893944267192E-007
  -2.9900000449270010       -1.2049774504387639E-007
  -2.9800000451505184       -1.3028862382015894E-007
  -2.9700000453740358       -1.4083241632825385E-007
  -2.9600000455975533       -1.5218336095542618E-007
  -2.9500000458210707       -1.6439929784984434E-007
  -2.9400000460445881       -1.7754188322900191E-007
  -2.9300000462681055       -1.9167681444314775E-007
  -2.9200000464916229       -2.0687406617114439E-007
  -2.9100000467151403       -2.2320813812506976E-007
  -2.9000000469386578       -2.4075831463710072E-007
  -2.8900000471621752       -2.5960893649750802E-007
  -2.8800000473856926       -2.7984968540581907E-007
  -2.8700000476092100       -3.0157588138810194E-007
  -2.8600000478327274       -3.2488879352167220E-007
  -2.8500000480562449       -3.4989596429411514E-007
  -2.8400000482797623       -3.7671154790601279E-007
  -2.8300000485032797       -4.0545666280595698E-007
  -2.8200000487267971       -4.3625975872200155E-007
  -2.8100000489503145       -4.6925699842529161E-007
  -2.8000000491738319       -5.0459265442895499E-007
  -2.7900000493973494       -5.4241952078803368E-007
  -2.7800000496208668       -5.8289934012388312E-007
  -2.7700000498443842       -6.2620324594874673E-007
  -2.7600000500679016       -6.7251222031262735E-007
  -2.7500000502914190       -7.2201756673468611E-007
  -2.7400000505149364       -7.7492139831481557E-007
  -2.7300000507384539       -8.3143714084713177E-007
  -2.7200000509619713       -8.9179005067548272E-007
  -2.7100000511854887       -9.5621774694111612E-007
  -2.7000000514090061       -1.0249707577737994E-006
  -2.6900000516325235       -1.0983130798692678E-006
  -2.6800000518560410       -1.1765227507774437E-006
  -2.6700000520795584       -1.2598924330965334E-006
  -2.6600000523030758       -1.3487300096273431E-006
  -2.6500000525265932       -1.4433591883891805E-006
  -2.6400000527501106       -1.5441201162326972E-006
  -2.6300000529736280       -1.6513699996054252E-006
  -2.6200000531971455       -1.7654837308313475E-006
  -2.6100000534206629       -1.8868545180563108E-006
  -2.6000000536441803       -2.0158945167849421E-006
  -2.5900000538676977       -2.1530354606916255E-006
  -2.5800000540912151       -2.2987292891267169E-006
  -2.5700000543147326       -2.4534487684585989E-006
  -2.5600000545382500       -2.6176881040915321E-006
  -2.5500000547617674       -2.7919635396774469E-006
  -2.5400000549852848       -2.9768139396955469E-006
  -2.5300000552088022       -3.1728013512061825E-006
  -2.5200000554323196       -3.3805115401932057E-006
  -2.5100000556558371       -3.6005544974915140E-006
  -2.5000000558793545       -3.8335649088515394E-006
  -2.4900000561028719       -4.0802025832199076E-006
  -2.4800000563263893       -4.3411528328132347E-006
  -2.4700000565499067       -4.6171267980292881E-006
  -2.4600000567734241       -4.9088617096750527E-006
  -2.4500000569969416       -5.2171210803932586E-006
  -2.4400000572204590       -5.5426948165364668E-006
  -2.4300000574439764       -5.8863992410691647E-006
  -2.4200000576674938       -6.2490770173729096E-006
  -2.4100000578910112       -6.6315969630846697E-006
  -2.4000000581145287       -7.0348537423146239E-006
  -2.3900000583380461       -7.4597674237632557E-006
  -2.3800000585615635       -7.9072828913893967E-006
  -2.3700000587850809       -8.3783690933677941E-006
  -2.3600000590085983       -8.8740181141165877E-006
  -2.3500000592321157       -9.3952440531699164E-006
  -2.3400000594556332       -9.9430816936174922E-006
  -2.3300000596791506       -1.0518584941730373E-005
  -2.3200000599026680       -1.1122825018238279E-005
  -2.3100000601261854       -1.1756888380519079E-005
  -2.3000000603497028       -1.2421874353701769E-005
  -2.2900000605732203       -1.3118892447372180E-005
  -2.2800000607967377       -1.3849059333202296E-005
  -2.2700000610202551       -1.4613495457400339E-005
  -2.2600000612437725       -1.5413321260396896E-005
  -2.2500000614672899       -1.6249652974643370E-005
  -2.2400000616908073       -1.7123597969801555E-005
  -2.2300000619143248       -1.8036249612945386E-005
  -2.2200000621378422       -1.8988681609679107E-005
  -2.2100000623613596       -1.9981941790300068E-005
  -2.2000000625848770       -2.1017045303295463E-005
  -2.1900000628083944       -2.2094967176566807E-005
  -2.1800000630319118       -2.3216634204816091E-005
  -2.1700000632554293       -2.4382916119511321E-005
  -2.1600000634789467       -2.5594615995770955E-005
  -2.1500000637024641       -2.6852459848371061E-005
  -2.1400000639259815       -2.8157085366884980E-005
  -2.1300000641494989       -2.9509029737713683E-005
  -2.1200000643730164       -3.0908716498460073E-005
  -2.1100000645965338       -3.2356441367739279E-005
  -2.1000000648200512       -3.3852356991104775E-005
  -2.0900000650435686       -3.5396456541309041E-005
  -2.0800000652670860       -3.6988556108608570E-005
  -2.0700000654906034       -3.8628275814267743E-005
  -2.0600000657141209       -4.0315019577823252E-005
  -2.0500000659376383       -4.2047953466037032E-005
  -2.0400000661611557       -4.3825982548797953E-005
  -2.0300000663846731       -4.5647726184538106E-005
  -2.0200000666081905       -4.7511491655006129E-005
  -2.0100000668317080       -4.9415246066497555E-005
  -2.0000000670552254       -5.1356586431888626E-005
  -1.9900000672787428       -5.3332707845050712E-005
  -1.9800000675022602       -5.5340369656457098E-005
  -1.9700000677257776       -5.7375859556031128E-005
  -1.9600000679492950       -5.9434955466529409E-005
  -1.9500000681728125       -6.1512885148025151E-005
  -1.9400000683963299       -6.3604283411350116E-005
  -1.9300000686198473       -6.5703146835684105E-005
  -1.9200000688433647       -6.7802785882862691E-005
  -1.9100000690668821       -6.9895774298400822E-005
  -1.9000000692903996       -7.1973895686736053E-005
  -1.8900000695139170       -7.4028087145764404E-005
  -1.8800000697374344       -7.6048379843413560E-005
  -1.8700000699609518       -7.8023836416756434E-005
  -1.8600000701844692       -7.9942485072051931E-005
  -1.8500000704079866       -8.1791250262101641E-005
  -1.8400000706315041       -8.3555879815456298E-005
  -1.8300000708550215       -8.5220868390306739E-005
  -1.8200000710785389       -8.6769377124358511E-005
  -1.8100000713020563       -8.8183149350648513E-005
  -1.8000000715255737       -8.9442422248109960E-005
  -1.7900000717490911       -9.0525834294765669E-005
  -1.7800000719726086       -9.1410328390735836E-005
  -1.7700000721961260       -9.2071050517799708E-005
  -1.7600000724196434       -9.2481243802081074E-005
  -1.7500000726431608       -9.2612137846539088E-005
  -1.7400000728666782       -9.2432833200368169E-005
  -1.7300000730901957       -9.1910180833161683E-005
  -1.7200000733137131       -9.1008656482783072E-005
  -1.7100000735372305       -8.9690229747355191E-005
  -1.7000000737607479       -8.7914227793619592E-005
  -1.6900000739842653       -8.5637193556177359E-005
  -1.6800000742077827       -8.2812738304801945E-005
  -1.6700000744313002       -7.9391388460150697E-005
  -1.6600000746548176       -7.5320426541800826E-005
  -1.6500000748783350       -7.0543726136634374E-005
  -1.6400000751018524       -6.5001580780203277E-005
  -1.6300000753253698       -5.8630526648850248E-005
  -1.6200000755488873       -5.1363158966060248E-005
  -1.6100000757724047       -4.3127942032795590E-005
  -1.6000000759959221       -3.3849012798442421E-005
  -1.5900000762194395       -2.3445977896491231E-005
  -1.5800000764429569       -1.1833704077207832E-005
  -1.5700000766664743        1.0778980216565443E-006
  -1.5600000768899918        1.5384096815595095E-005
  -1.5500000771135092        3.1185569464827494E-005
  -1.5400000773370266        4.8588638344962491E-005
  -1.5300000775605440        6.7705514313654467E-005
  -1.5200000777840614        8.8654546777704651E-005
  -1.5100000780075788        1.1156048055193006E-004
  -1.5000000782310963        1.3655471948721955E-004
  -1.4900000784546137        1.6377559683050189E-004
  -1.4800000786781311        1.9336865226385309E-004
  -1.4700000789016485        2.2548691555366438E-004
  -1.4600000791251659        2.6029119672365885E-004
  -1.4500000793486834        2.9795038264759309E-004
  -1.4400000795722008        3.3864173993868773E-004
  -1.4300000797957182        3.8255122399321055E-004
  -1.4200000800192356        4.2987379402516603E-004
  -1.4100000802427530        4.8081373390776319E-004
  -1.4000000804662704        5.3558497861518647E-004
  -1.3900000806897879        5.9441144603525255E-004
  -1.3800000809133053        6.5752737389975641E-004
  -1.3700000811368227        7.2517766155471869E-004
  -1.3600000813603401        7.9761821626738903E-004
  -1.3500000815838575        8.7511630374068083E-004
  -1.3400000818073750        9.5795090247881732E-004
  -1.3300000820308924        1.0464130616203104E-003
  -1.3200000822544098        1.1408062618260238E-003
  -1.3100000824779272        1.2414467787810553E-003
  -1.3000000827014446        1.3486640488394347E-003
  -1.2900000829249620        1.4628010363103728E-003
  -1.2800000831484795        1.5842146018538795E-003
  -1.2700000833719969        1.7132758714221549E-003
  -1.2600000835955143        1.8503706051512848E-003
  -1.2500000838190317        1.9958995655753832E-003
  -1.2400000840425491        2.1502788845026454E-003
  -1.2300000842660666        2.3139404278597025E-003
  -1.2200000844895840        2.4873321577773872E-003
  -1.2100000847131014        2.6709184911574697E-003
  -1.2000000849366188        2.8651806539263273E-003
  -1.1900000851601362        3.0706170301478511E-003
  -1.1800000853836536        3.2877435051341048E-003
  -1.1700000856071711        3.5170938016588671E-003
  -1.1600000858306885        3.7592198083456897E-003
  -1.1500000860542059        4.0146918992690402E-003
  -1.1400000862777233        4.2840992437744177E-003
  -1.1300000865012407        4.5680501054910488E-003
  -1.1200000867247581        4.8671721294790988E-003
  -1.1100000869482756        5.1821126164223030E-003
  -1.1000000871717930        5.5135387827467122E-003
  -1.0900000873953104        5.8621380055169743E-003
  -1.0800000876188278        6.2286180509330165E-003
  -1.0700000878423452        6.6137072852230838E-003
  -1.0600000880658627        7.0181548667028670E-003
  -1.0500000882893801        7.4427309177459051E-003
  -1.0400000885128975        7.8882266753873831E-003
  -1.0300000887364149        8.3554546192617998E-003
  -1.0200000889599323        8.8452485755553430E-003
  -1.0100000891834497        9.3584637956356572E-003
  -1.0000000894069672        9.8959770080061203E-003
 -0.99000008963048458        1.0458686442217542E-002
 -0.98000008985400200        1.1047511823359030E-002
 -0.97000009007751942        1.1663394335740429E-002
 -0.96000009030103683        1.2307296554372193E-002
 -0.95000009052455425        1.2980202342844568E-002
 -0.94000009074807167        1.3683116716206955E-002
 -0.93000009097158909        1.4417065667449875E-002
 -0.92000009119510651        1.5183095956196883E-002
 -0.91000009141862392        1.5982274858221877E-002
 -0.90000009164214134        1.6815689874418314E-002
 -0.89000009186565876        1.7684448397861735E-002
 -0.88000009208917618        1.8589677337625170E-002
 -0.87000009231269360        1.9532522698028982E-002
 -0.86000009253621101        2.0514149112032191E-002
 -0.85000009275972843        2.1535739327502079E-002
 -0.84000009298324585        2.2598493645132153E-002
 -0.83000009320676327        2.3703629306816208E-002
 -0.82000009343028069        2.4852379833327921E-002
 -0.81000009365379810        2.6045994310201138E-002
 -0.80000009387731552        2.7285736620756444E-002
 -0.79000009410083294        2.8572884625274002E-002
 -0.78000009432435036        2.9908729285371572E-002
 -0.77000009454786777        3.1294573732710169E-002
 -0.76000009477138519        3.2731732281217535E-002
 -0.75000009499490261        3.4221529382092178E-002
 -0.74000009521842003        3.5765298520927621E-002
 -0.73000009544193745        3.7364381056377891E-002
 -0.72000009566545486        3.9020124999871383E-002
 -0.71000009588897228        4.0733883735970804E-002
 -0.70000009611248970        4.2507014683071900E-002
 -0.69000009633600712        4.4340877894232772E-002
 -0.68000009655952454        4.6236834598030088E-002
 -0.67000009678304195        4.8196245679446019E-002
 -0.66000009700655937        5.0220470100902206E-002
 -0.65000009723007679        5.2310863263673874E-002
 -0.64000009745359421        5.4468775310037340E-002
 -0.63000009767711163        5.6695549366628746E-002
 -0.62000009790062904        5.8992519729619865E-002
 -0.61000009812414646        6.1361009992448527E-002
 -0.60000009834766388        6.3802331116976835E-002
 -0.59000009857118130        6.6317779449087538E-002
 -0.58000009879469872        6.8908634679872210E-002
 -0.57000009901821613        7.1576157753706571E-002
 -0.56000009924173355        7.4321588724657897E-002
 -0.55000009946525097        7.7146144562816085E-002
 -0.54000009968876839        8.0051016912292883E-002
 -0.53000009991228580        8.3037369802785602E-002
 -0.52000010013580322        8.6106337316756931E-002
 -0.51000010035932064        8.9259021214437850E-002
 -0.50000010058283806        9.2496488519016568E-002
 -0.49000010080635548        9.5819769064534918E-002
 -0.48000010102987289        9.9229853009169366E-002
 -0.47000010125339031       0.10272768831673183     
 -0.46000010147690773       0.10631417820938217     
 -0.45000010170042515       0.10999017859469892     
 -0.44000010192394257       0.11375649547041070     
 -0.43000010214745998       0.11761388231024136     
 -0.42000010237097740       0.12156303743447550     
 -0.41000010259449482       0.12560460136899465     
 -0.40000010281801224       0.12973915419668433     
 -0.39000010304152966       0.13396721290524977     
 -0.38000010326504707       0.13828922873561844     
 -0.37000010348856449       0.14270558453523963     
 -0.36000010371208191       0.14721659212072105     
 -0.35000010393559933       0.15182248965436532     
 -0.34000010415911674       0.15652343903928775     
 -0.33000010438263416       0.16131952333790875     
 -0.32000010460615158       0.16621074421871887     
 -0.31000010482966900       0.17119701943631416     
 -0.30000010505318642       0.17627818034978984     
 -0.29000010527670383       0.18145396948466358     
 -0.28000010550022125       0.18672403814357461     
 -0.27000010572373867       0.19208794407107160     
 -0.26000010594725609       0.19754514917785954     
 -0.25000010617077351       0.20309501732992247     
 -0.24000010639429092       0.20873681220797852     
 -0.23000010661780834       0.21446969524274914     
 -0.22000010684132576       0.22029272363154481     
 -0.21000010706484318       0.22620484844167058     
 -0.20000010728836060       0.23220491280615518     
 -0.19000010751187801       0.23829165021728688     
 -0.18000010773539543       0.24446368292341075     
 -0.17000010795891285       0.25071952043440504     
 -0.16000010818243027       0.25705755814119557     
 -0.15000010840594769       0.26347607605460649     
 -0.14000010862946510       0.26997323766876496     
 -0.13000010885298252       0.27654708895418639     
 -0.12000010907649994       0.28319555748556241     
 -0.11000010930001736       0.28991645170915753     
 -0.10000010952353477       0.29670746035458823     
  -9.0000109747052193E-002  0.30356615199561554     
  -8.0000109970569611E-002  0.31048997476442541     
  -7.0000110194087029E-002  0.31747625622369885     
  -6.0000110417604446E-002  0.32452220340059346     
  -5.0000110641121864E-002  0.33162490298655900     
  -4.0000110864639282E-002  0.33878132170670167     
  -3.0000111088156700E-002  0.34598830686218840     
  -2.0000111311674118E-002  0.35324258704895078     
  -1.0000111535191536E-002  0.36054077305569660     
  -1.1175870895385742E-007  0.36787935894398188     
   9.9998880177736282E-003  0.37525472331282472     
   1.9999887794256210E-002  0.38266313075005970     
   2.9999887570738792E-002  0.39010073347233726     
   3.9999887347221375E-002  0.39756357315537255     
   4.9999887123703957E-002  0.40504758295573223     
   5.9999886900186539E-002  0.41254858972512282     
   6.9999886676669121E-002  0.42006231641781633     
   7.9999886453151703E-002  0.42758438469150484     
   8.9999886229634285E-002  0.43511031770152736     
   9.9999886006116867E-002  0.44263554308805864     
  0.10999988578259945       0.45015539615548378     
  0.11999988555908203       0.45766512324281700     
  0.12999988533556461       0.46515988528364843     
  0.13999988511204720       0.47263476155372358     
  0.14999988488852978       0.48008475360388109     
  0.15999988466501236       0.48750478937568675     
  0.16999988444149494       0.49488972749671850     
  0.17999988421797752       0.50223436175206748     
  0.18999988399446011       0.50953342572823102     
  0.19999988377094269       0.51678159762519138     
  0.20999988354742527       0.52397350523208008     
  0.21999988332390785       0.53110373106145226     
  0.22999988310039043       0.53816681763680907     
  0.23999988287687302       0.54515727292763305     
  0.24999988265335560       0.55206957592583106     
  0.25999988242983818       0.55889818235711186     
  0.26999988220632076       0.56563753052047094     
  0.27999988198280334       0.57228204724860288     
  0.28999988175928593       0.57882615398172177     
  0.29999988153576851       0.58526427294694061     
  0.30999988131225109       0.59159083343503638     
  0.31999988108873367       0.59780027816612424     
  0.32999988086521626       0.60388706973546435     
  0.33999988064169884       0.60984569713034242     
  0.34999988041818142       0.61567068230870003     
  0.35999988019466400       0.62135658682993411     
  0.36999987997114658       0.62689801852804850     
  0.37999987974762917       0.63228963821712236     
  0.38999987952411175       0.63752616641885274     
  0.39999987930059433       0.64260239010174725     
  0.40999987907707691       0.64751316942137693     
  0.41999987885355949       0.65225344445094735     
  0.42999987863004208       0.65681824189132720     
  0.43999987840652466       0.66120268174956176     
  0.44999987818300724       0.66540198397481531     
  0.45999987795948982       0.66941147504062637     
  0.46999987773597240       0.67322659446231170     
  0.47999987751245499       0.67684290123834567     
  0.48999987728893757       0.68025608020453521     
  0.49999987706542015       0.68346194828984663     
  0.50999987684190273       0.68645646066278410     
  0.51999987661838531       0.68923571675729811     
  0.52999987639486790       0.69179596616729366     
  0.53999987617135048       0.69413361439893528     
  0.54999987594783306       0.69624522847008286     
  0.55999987572431564       0.69812754234636465     
  0.56999987550079823       0.69977746220358283     
  0.57999987527728081       0.70119207150635865     
  0.58999987505376339       0.70236863589316534     
  0.59999987483024597       0.70330460785814963     
  0.60999987460672855       0.70399763122043102     
  0.61999987438321114       0.70444554537186366     
  0.62999987415969372       0.70464638929457502     
  0.63999987393617630       0.70459840533993845     
  0.64999987371265888       0.70430004276099900     
  0.65999987348914146       0.70374996099076170     
  0.66999987326562405       0.70294703265914649     
  0.67999987304210663       0.70189034634184311     
  0.68999987281858921       0.70057920903473014     
  0.69999987259507179       0.69901314834798056     
  0.70999987237155437       0.69719191441444217     
  0.71999987214803696       0.69511548150737024     
  0.72999987192451954       0.69278404936307902     
  0.73999987170100212       0.69019804420459674     
  0.74999987147748470       0.68735811946292125     
  0.75999987125396729       0.68426515619301009     
  0.76999987103044987       0.68092026318217558     
  0.77999987080693245       0.67732477674910363     
  0.78999987058341503       0.67348026023226881     
  0.79999987035989761       0.66938850316707710     
  0.80999987013638020       0.66505152015163560     
  0.81999986991286278       0.66047154940160557     
  0.82999986968934536       0.65565105099517407     
  0.83999986946582794       0.65059270480974052     
  0.84999986924231052       0.64529940815248399     
  0.85999986901879311       0.63977427308754342     
  0.86999986879527569       0.63402062346310206     
  0.87999986857175827       0.62804199164222585     
  0.88999986834824085       0.62184211494185648     
  0.89999986812472343       0.61542493178490032     
  0.90999986790120602       0.60879457757089250     
  0.91999986767768860       0.60195538027123707     
  0.92999986745417118       0.59491185575553895     
  0.93999986723065376       0.58766870285604578     
  0.94999986700713634       0.58023079817770284     
  0.95999986678361893       0.57260319066179943     
  0.96999986656010151       0.56479109591164156     
  0.97999986633658409       0.55679989028912913     
  0.98999986611306667       0.54863510479153277     
  0.99999986588954926       0.54030241871817819     
   1.0099998656660318       0.53180765313712208     
   1.0199998654425144       0.52315676416227419     
   1.0299998652189970       0.51435583605175950     
   1.0399998649954796       0.50541107413863473     
   1.0499998647719622       0.49632879760537435     
   1.0599998645484447       0.48711543211381009     
   1.0699998643249273       0.47777750230246441     
   1.0799998641014099       0.46832162416343698     
   1.0899998638778925       0.45875449731120937     
   1.0999998636543751       0.44908289715590288     
   1.1099998634308577       0.43931366699367680     
   1.1199998632073402       0.42945371002707333     
   1.1299998629838228       0.41950998132821543     
   1.1399998627603054       0.40948947975782818     
   1.1499998625367880       0.39939923985310188     
   1.1599998623132706       0.38924632369742679     
   1.1699998620897532       0.37903781278502147     
   1.1799998618662357       0.36878079989343804     
   1.1899998616427183       0.35848238097686375     
   1.1999998614192009       0.34814964709304896     
   1.2099998611956835       0.33778967637657548     
   1.2199998609721661       0.32740952607103746     
   1.2299998607486486       0.31701622463254220     
   1.2399998605251312       0.30661676391674447     
   1.2499998603016138       0.29621809146141675     
   1.2599998600780964       0.28582710287631574     
   1.2699998598545790       0.27545063435184625     
   1.2799998596310616       0.26509545529774142     
   1.2899998594075441       0.25476826112267043     
   1.2999998591840267       0.24447566616536312     
   1.3099998589605093       0.23422419678749487     
   1.3199998587369919       0.22402028463821252     
   1.3299998585134745       0.21387026009979940     
   1.3399998582899570       0.20378034592358291     
   1.3499998580664396       0.19375665106477097     
   1.3599998578429222       0.18380516472447825     
   1.3699998576194048       0.17393175060675925     
   1.3799998573958874       0.16414214139801214     
   1.3899998571723700       0.15444193347565061     
   1.3999998569488525       0.14483658185246553     
   1.4099998567253351       0.13533139536261260     
   1.4199998565018177       0.12593153209466881     
   1.4299998562783003       0.11664199507670223     
   1.4399998560547829       0.10746762821779167     
   1.4499998558312654        9.8413112509926085E-002
   1.4599998556077480        8.9482962493698026E-002
   1.4699998553842306        8.0681522990692575E-002
   1.4799998551607132        7.2012966104956597E-002
   1.4899998549371958        6.3481288495418370E-002
   1.4999998547136784        5.5090308920613978E-002
   1.5099998544901609        4.6843666056565821E-002
   1.5199998542666435        3.8744816588151980E-002
   1.5299998540431261        3.0797033573802490E-002
   1.5399998538196087        2.3003405082863061E-002
   1.5499998535960913        1.5366833104477505E-002
   1.5599998533725739        7.8900327263593337E-003
   1.5699998531490564        5.7553158135133502E-004
   1.5799998529255390       -6.5743304407898375E-003
   1.5899998527020216       -1.3557401219397700E-002
   1.5999998524785042       -2.0371716170141042E-002
   1.6099998522549868       -2.7015497757388596E-002
   1.6199998520314693       -3.3487154755984502E-002
   1.6299998518079519       -3.9785281267123898E-002
   1.6399998515844345       -4.5908655493401458E-002
   1.6499998513609171       -5.1856238278473236E-002
   1.6599998511373997       -5.7627171417123688E-002
   1.6699998509138823       -6.3220775741864160E-002
   1.6799998506903648       -6.8636548992506499E-002
   1.6899998504668474       -7.3874163475454502E-002
   1.6999998502433300       -7.8933463519737457E-002
   1.7099998500198126       -8.3814462737072284E-002
   1.7199998497962952       -8.8517341093484081E-002
   1.7299998495727777       -9.3042441800240183E-002
   1.7399998493492603       -9.7390268032056679E-002
   1.7499998491257429      -0.10156147948072265     
   1.7599998489022255      -0.10555688875245285     
   1.7699998486787081      -0.10937745761742534     
   1.7799998484551907      -0.11302429312008766     
   1.7899998482316732      -0.11649864355892070     
   1.7999998480081558      -0.11980189434443719     
   1.8099998477846384      -0.12293556374425967     
   1.8199998475611210      -0.12590129852416920     
   1.8299998473376036      -0.12870086949404833     
   1.8399998471140862      -0.13133616696764894     
   1.8499998468905687      -0.13380919614511030     
   1.8599998466670513      -0.13612207242712482     
   1.8699998464435339      -0.13827701666960601     
   1.8799998462200165      -0.14027635038765141     
   1.8899998459964991      -0.14212249091751564     
   1.8999998457729816      -0.14381794654521451     
   1.9099998455494642      -0.14536531161027014     
   1.9199998453259468      -0.14676726159298267     
   1.9299998451024294      -0.14802654819347388     
   1.9399998448789120      -0.14914599441059287     
   1.9499998446553946      -0.15012848962860806     
   1.9599998444318771      -0.15097698471942783     
   1.9699998442083597      -0.15169448716790149     
   1.9799998439848423      -0.15228405622754593     
   1.9899998437613249      -0.15274879811383174     
   1.9999998435378075      -0.15309186124193550     
   2.0099998433142900      -0.15331643151563218     
   2.0199998430907726      -0.15342572767376011     
   2.0299998428672552      -0.15342299670043827     
   2.0399998426437378      -0.15331150930496104     
   2.0499998424202204      -0.15309455547703127     
   2.0599998421967030      -0.15277544012272107     
   2.0699998419731855      -0.15235747878627989     
   2.0799998417496681      -0.15184399346262728     
   2.0899998415261507      -0.15123830850508865     
   2.0999998413026333      -0.15054374663264750     
   2.1099998410791159      -0.14976362504070051     
   2.1199998408555984      -0.14890125161901641     
   2.1299998406320810      -0.14795992128030885     
   2.1399998404085636      -0.14694291240254853     
   2.1499998401850462      -0.14585348338784968     
   2.1599998399615288      -0.14469486934048237     
   2.1699998397380114      -0.14347027886627722     
   2.1799998395144939      -0.14218289099540746     
   2.1899998392909765      -0.14083585223025646     
   2.1999998390674591      -0.13943227371980238     
   2.2099998388439417      -0.13797522856168332     
   2.2199998386204243      -0.13646774923284008     
   2.2299998383969069      -0.13491282514937211     
   2.2399998381733894      -0.13331340035599007     
   2.2499998379498720      -0.13167237134519744     
   2.2599998377263546      -0.12999258500609334     
   2.2699998375028372      -0.12827683670245230     
   2.2799998372793198      -0.12652786847950911     
   2.2899998370558023      -0.12474836739865709     
   2.2999998368322849      -0.12294096399905410     
   2.3099998366087675      -0.12110823088492734     
   2.3199998363852501      -0.11925268143717097     
   2.3299998361617327      -0.11737676864764299     
   2.3399998359382153      -0.11548288407438945     
   2.3499998357146978      -0.11357335691585251     
   2.3599998354911804      -0.11165045320195939     
   2.3699998352676630      -0.10971637509983648     
   2.3799998350441456      -0.10777326033174900     
   2.3899998348206282      -0.10582318170273543     
   2.3999998345971107      -0.10386814673527862     
   2.4099998343735933      -0.10191009740824290     
   2.4199998341500759       -9.9950909997199397E-002
   2.4299998339265585       -9.7992395013164535E-002
   2.4399998337030411       -9.6036297236691034E-002
   2.4499998334795237       -9.4084295844170121E-002
   2.4599998332560062       -9.2138004623135913E-002
   2.4699998330324888       -9.0198972273300843E-002
   2.4799998328089714       -8.8268682789999567E-002
   2.4899998325854540       -8.6348555926675993E-002
   2.4999998323619366       -8.4439947733011320E-002
   2.5099998321384192       -8.2544151165264965E-002
   2.5199998319149017       -8.0662396765381839E-002
   2.5299998316913843       -7.8795853405406666E-002
   2.5399998314678669       -7.6945629093742890E-002
   2.5499998312443495       -7.5112771839797920E-002
   2.5599998310208321       -7.3298270573565749E-002
   2.5699998307973146       -7.1503056116715938E-002
   2.5799998305737972       -6.9728002201781561E-002
   2.5899998303502798       -6.7973926536068568E-002
   2.5999998301267624       -6.6241591906944911E-002
   2.6099998299032450       -6.4531707325209631E-002
   2.6199998296797276       -6.2844929203288477E-002
   2.6299998294562101       -6.1181862565054562E-002
   2.6399998292326927       -5.9543062284130276E-002
   2.6499998290091753       -5.7929034347586270E-002
   2.6599998287856579       -5.6340237142020196E-002
   2.6699998285621405       -5.4777082759065815E-002
   2.6799998283386230       -5.3239938317457040E-002
   2.6899998281151056       -5.1729127298846572E-002
   2.6999998278915882       -5.0244930894658452E-002
   2.7099998276680708       -4.8787589361335468E-002
   2.7199998274445534       -4.7357303381426255E-002
   2.7299998272210360       -4.5954235428043576E-002
   2.7399998269975185       -4.4578511130313331E-002
   2.7499998267740011       -4.3230220637523131E-002
   2.7599998265504837       -4.1909419979771240E-002
   2.7699998263269663       -4.0616132423007371E-002
   2.7799998261034489       -3.9350349816451607E-002
   2.7899998258799314       -3.8112033930469087E-002
   2.7999998256564140       -3.6901117783073610E-002
   2.8099998254328966       -3.5717506953326317E-002
   2.8199998252093792       -3.4561080879989568E-002
   2.8299998249858618       -3.3431694143889676E-002
   2.8399998247623444       -3.2329177732534971E-002
   2.8499998245388269       -3.1253340285628040E-002
   2.8599998243153095       -3.0203969320202008E-002
   2.8699998240917921       -2.9180832434201436E-002
   2.8799998238682747       -2.8183678487416767E-002
   2.8899998236447573       -2.7212238758769453E-002
   2.8999998234212399       -2.6266228079030715E-002
   2.9099998231977224       -2.5345345938141237E-002
   2.9199998229742050       -2.4449277566381752E-002
   2.9299998227506876       -2.3577694988725455E-002
   2.9399998225271702       -2.2730258051781416E-002
   2.9499998223036528       -2.1906615422815096E-002
   2.9599998220801353       -2.1106405560406414E-002
   2.9699998218566179       -2.0329257656377872E-002
   2.9799998216331005       -1.9574792548695024E-002
   2.9899998214095831       -1.8842623605109139E-002
   2.9999998211860657       -1.8132357577376509E-002
   3.0099998209625483       -1.7443595425951763E-002
   3.0199998207390308       -1.6775933115111986E-002
   3.0299998205155134       -1.6128962378526238E-002
   3.0399998202919960       -1.5502271455339450E-002
   3.0499998200684786       -1.4895445796892210E-002
   3.0599998198449612       -1.4308068744247431E-002
   3.0699998196214437       -1.3739722176741829E-002
   3.0799998193979263       -1.3189987131824793E-002
   3.0899998191744089       -1.2658444396488746E-002
   3.0999998189508915       -1.2144675070634957E-002
   3.1099998187273741       -1.1648261102754924E-002
   3.1199998185038567       -1.1168785798342360E-002
   3.1299998182803392       -1.0705834301482106E-002
   3.1399998180568218       -1.0258994050092334E-002
   3.1499998178333044       -9.8278552053228316E-003
   3.1599998176097870       -9.4120110556374474E-003
   3.1699998173862696       -9.0110583961308614E-003
   3.1799998171627522       -8.6245978836503225E-003
   3.1899998169392347       -8.2522343683110056E-003
   3.1999998167157173       -7.8935772020095676E-003
   3.2099998164921999       -7.5482405245545841E-003
   3.2199998162686825       -7.2158435280444220E-003
   3.2299998160451651       -6.8960107001332718E-003
   3.2399998158216476       -6.5883720468341584E-003
   3.2499998155981302       -6.2925632955145141E-003
   3.2599998153746128       -6.0082260787443602E-003
   3.2699998151510954       -5.7350080996606094E-003
   3.2799998149275780       -5.4725632795123704E-003
   3.2899998147040606       -5.2205518880525520E-003
   3.2999998144805431       -4.9786406574394955E-003
   3.3099998142570257       -4.7465028803100997E-003
   3.3199998140335083       -4.5238184926817988E-003
   3.3299998138099909       -4.3102741423358144E-003
   3.3399998135864735       -4.1055632433280777E-003
   3.3499998133629560       -3.9093860172667643E-003
   3.3599998131394386       -3.7214495219875009E-003
   3.3699998129159212       -3.5414676682480333E-003
   3.3799998126924038       -3.3691612250543036E-003
   3.3899998124688864       -3.2042578142192817E-003
   3.3999998122453690       -3.0464918947443430E-003
   3.4099998120218515       -2.8956047376011490E-003
   3.4199998117983341       -2.7513443914791882E-003
   3.4299998115748167       -2.6134656400511633E-003
   3.4399998113512993       -2.4817299512946652E-003
   3.4499998111277819       -2.3559054193947114E-003
   3.4599998109042645       -2.2357666997372115E-003
   3.4699998106807470       -2.1210949374888860E-003
   3.4799998104572296       -2.0116776902441617E-003
   3.4899998102337122       -1.9073088452044916E-003
   3.4999998100101948       -1.8077885313402308E-003
   3.5099998097866774       -1.7129230269698375E-003
   3.5199998095631599       -1.6225246631756838E-003
   3.5299998093396425       -1.5364117234602556E-003
   3.5399998091161251       -1.4544083400310536E-003
   3.5499998088926077       -1.3763443870870081E-003
   3.5599998086690903       -1.3020553714639086E-003
   3.5699998084455729       -1.2313823209810009E-003
   3.5799998082220554       -1.1641716708158372E-003
   3.5899998079985380       -1.1002751482194317E-003
   3.5999998077750206       -1.0395496558690545E-003
   3.6099998075515032       -9.8185715414135554E-004
   3.6199998073279858       -9.2706454257422861E-004
   3.6299998071044683       -8.7504354077171933E-004
   3.6399998068809509       -8.2567056899246938E-004
   3.6499998066574335       -7.7882662864868263E-004
   3.6599998064339161       -7.3439718292936504E-004
   3.6699998062103987       -6.9227203774870885E-004
   3.6799998059868813       -6.5234522320790933E-004
   3.6899998057633638       -6.1451487574647971E-004
   3.6999998055398464       -5.7868312114723447E-004
   3.7099998053163290       -5.4475595854760616E-004
   3.7199998050928116       -5.1264314559876440E-004
   3.7299998048692942       -4.8225808490323169E-004
   3.7399998046457767       -4.5351771185124252E-004
   3.7499998044222593       -4.2634238396603591E-004
   3.7599998041987419       -4.0065577185859167E-004
   3.7699998039752245       -3.7638475188299408E-004
   3.7799998037517071       -3.5345930057467662E-004
   3.7899998035281897       -3.3181239094522629E-004
   3.7999998033046722       -3.1137989069922084E-004
   3.8099998030811548       -2.9210046243074436E-004
   3.8199998028576374       -2.7391546584974025E-004
   3.8299998026341200       -2.5676886208125007E-004
   3.8399998024106026       -2.4060712007381384E-004
   3.8499998021870852       -2.2537912514688846E-004
   3.8599998019635677       -2.1103608970105334E-004
   3.8699998017400503       -1.9753146610902519E-004
   3.8799998015165329       -1.8482086180007578E-004
   3.8899998012930155       -1.7286195654533682E-004
   3.8999998010694981       -1.6161442194667790E-004
   3.9099998008459806       -1.5103984312734464E-004
   3.9199998006224632       -1.4110164261833377E-004
   3.9299998003989458       -1.3176500643057062E-004
   3.9399998001754284       -1.2299681229929003E-004
   3.9499997999519110       -1.1476556008365921E-004
   3.9599997997283936       -1.0704130430153916E-004
   3.9699997995048761       -9.9795588776416052E-005
   3.9799997992813587       -9.3001383370888366E-005
   3.9899997990578413       -8.6633022778688111E-005
   3.9999997988343239       -8.0666147345022945E-005
   4.0099997986108065       -7.5077645883047634E-005
   4.0199997983872890       -6.9845600452491703E-005
   4.0299997981637716       -6.4949233064889590E-005
   4.0399997979402542       -6.0368854278449083E-005
   4.0499997977167368       -5.6085813644373741E-005
   4.0599997974932194       -5.2082451965384830E-005
   4.0699997972697020       -4.8342055326288410E-005
   4.0799997970461845       -4.4848810855673270E-005
   4.0899997968226671       -4.1587764177210978E-005
   4.0999997965991497       -3.8544778508544531E-005
   4.1099997963756323       -3.5706495365394544E-005
   4.1199997961521149       -3.3060296828268066E-005
   4.1299997959285975       -3.0594269329025579E-005
   4.1399997957050800       -2.8297168914529703E-005
   4.1499997954815626       -2.6158387944665690E-005
   4.1599997952580452       -2.4167923182178809E-005
   4.1699997950345278       -2.2316345232009807E-005
   4.1799997948110104       -2.0594769288122468E-005
   4.1899997945874929       -1.8994827146200225E-005
   4.1999997943639755       -1.7508640441035256E-005
   4.2099997941404581       -1.6128795067939107E-005
   4.2199997939169407       -1.4848316748062543E-005
   4.2299997936934233       -1.3660647698118559E-005
   4.2399997934699059       -1.2559624365653820E-005
   4.2499997932463884       -1.1539456191700922E-005
   4.2599997930228710       -1.0594705363368631E-005
   4.2699997927993536       -9.7202675196788913E-006
   4.2799997925758362       -8.9113533747397583E-006
   4.2899997923523188       -8.1634712231445074E-006
   4.2999997921288013       -7.4724102933078607E-006
   4.3099997919052839       -6.8342249152862400E-006
   4.3199997916817665       -6.2452194704774899E-006
   4.3299997914582491       -5.7019340914530175E-006
   4.3399997912347317       -5.2011310810404454E-006
   4.3499997910112143       -4.7397820206428255E-006
   4.3599997907876968       -4.3150555386513623E-006
   4.3699997905641794       -3.9243057106784103E-006
   4.3799997903406620       -3.5650610642045984E-006
   4.3899997901171446       -3.2350141610971843E-006
   4.3999997898936272       -2.9320117323132411E-006
   4.4099997896701097       -2.6540453399502653E-006
   4.4199997894465923       -2.3992425426463516E-006
   4.4299997892230749       -2.1658585411612875E-006
   4.4399997889995575       -1.9522682817870287E-006
   4.4499997887760401       -1.7569589960404001E-006
   4.4599997885525227       -1.5785231558815307E-006
   4.4699997883290052       -1.4156518244771550E-006
   4.4799997881054878       -1.2671283832884260E-006
   4.4899997878819704       -1.1318226170070548E-006
   4.4999997876584530       -1.0086851385911689E-006
   4.5099997874349356       -8.9674213736267938E-007
   4.5199997872114182       -7.9509043382079996E-007
   4.5299997869879007       -7.0289282550129029E-007
   4.5399997867643833       -6.1937370886790317E-007
   4.5499997865408659       -5.4381496286095695E-007
   4.5599997863173485       -4.7555208034815311E-007
   4.5699997860938311       -4.1397053432429247E-007
   4.5799997858703136       -3.5850236628972327E-007
   4.5899997856467962       -3.0862298480198212E-007
   4.5999997854232788       -2.6384816274139627E-007
   4.6099997851997614       -2.2373122235946161E-007
   4.6199997849762440       -1.8786039768878657E-007
   4.6299997847527266       -1.5585636438549278E-007
   4.6399997845292091       -1.2736992754941123E-007
   4.6499997843056917       -1.0207985852449785E-007
   4.6599997840821743       -7.9690872121845843E-008
   4.6699997838586569       -5.9931736130869931E-008
   4.6799997836351395       -4.2553505390938802E-008
   4.6899997834116220       -2.7327873086337149E-008
   4.6999997831881046       -1.4045632302266785E-008
   4.7099997829645872       -2.5152412390434143E-009
   4.7199997827410698        7.4385141739180170E-009
   4.7299997825175524        1.5975766192914800E-008
   4.7399997822940350        2.3242725316547012E-008
   4.7499997820705175        2.9372759795281653E-008
   4.7599997818470001        3.4487399616806641E-008
   4.7699997816234827        3.8697269714610756E-008
   4.7799997813999653        4.2102956884440267E-008
   4.7899997811764479        4.4795814642674483E-008
   4.7999997809529305        4.6858710021833588E-008
   4.8099997807294130        4.8366716070970344E-008
   4.8199997805058956        4.9387753612203633E-008
   4.8299997802823782        4.9983185598734723E-008
   4.8399997800588608        5.0208367223944913E-008
   4.8499997798353434        5.0113154745229284E-008
   4.8599997796118259        4.9742375809695100E-008
   4.8699997793883085        4.9136263901364584E-008
   4.8799997791647911        4.8330859370719020E-008
   4.8899997789412737        4.7358379356937432E-008
   4.8999997787177563        4.6247558770671315E-008
   4.9099997784942389        4.5023964370324322E-008
   4.9199997782707214        4.3710283837232260E-008
   4.9299997780472040        4.2326591634546207E-008
   4.9399997778236866        4.0890593320701277E-008
   4.9499997776001692        3.9417849880792144E-008
   4.9599997773766518        3.7921983537689274E-008
   4.9699997771531343        3.6414866409027316E-008
   4.9799997769296169        3.4906793286004837E-008
   4.9899997767060995        3.3406639724984423E-008
   4.9999997764825821        3.1922006562923010E-008
